-1.9450	3.1706	-2.0536
0.5615	-0.0029	-2.1845
0.6284	0.9183	-2.9719
1.0377	1.9856	-1.1401
3.1217	6.8903	-4.3967
0.6435	2.5546	-3.3403
0.7862	-0.7197	2.6020
-1.6145	-1.6145	1.9184
-0.9203	-0.0660	1.7583
-0.9872	-0.9872	2.5457
-0.6273	-0.6273	-0.6273
-0.1623	-0.6049	-1.4901
-0.6273	-0.6273	-0.6273
0.4650	0.0224	-0.8628
-0.1623	-0.6049	-1.4901
0.2545	-1.1503	-0.1420
-2.5100	-1.5827	5.0719
-0.9630	-0.0357	0.1662
-0.4140	-0.3786	0.8689
-0.5217	-0.1952	-0.5217
-0.9203	-0.0660	1.7583
-0.3852	-0.4177	0.0305
-1.9650	1.0131	-0.6821
-0.9872	-0.9872	2.5457
-0.6273	-0.6273	-0.6273
-0.2679	2.2076	-1.5057
-0.6273	-0.6273	-0.6273
2.2579	5.7255	-2.4719
0.2383	0.2737	-1.1930
-1.0573	0.6230	-0.6416
-1.0573	0.6230	-0.6416
-0.6273	-0.6273	-0.6273
0.5949	0.1142	-0.7608
-0.9872	-0.9872	2.5457
-0.6832	-0.6832	-0.6832
-1.6702	-1.7180	-1.1651
-1.3780	-1.0685	-1.3616
9.3185	11.9191	-2.7952
-0.5609	2.7689	0.8799
-0.9872	-0.9872	2.5457
0.4186	2.4515	-2.1470
0.3594	2.8349	-0.8784
0.3594	2.8349	-0.8784
0.3594	2.8349	-0.8784
0.4263	3.7561	-1.6658
-1.7092	1.5702	-0.5800
-1.3780	-1.0685	-1.3616
-0.9203	-0.0660	1.7583
-1.2646	-1.2646	2.2683
0.4650	0.0224	-0.8628
-0.6273	-0.6273	-0.6273
-1.5950	-1.6258	-1.1063
-1.2646	-1.2646	2.2683
-1.2646	-1.2646	2.2683
0.0669	0.9212	-0.7874
0.4650	0.0224	-0.8628
-0.1623	-0.6049	-1.4901
-0.1623	-0.6049	-1.4901
-0.1623	-0.6049	-1.4901
-2.1524	-1.2251	2.9639
-2.2809	-1.3536	2.3812
-1.2335	0.8298	-0.3871
0.7862	-0.7197	2.6020
1.1456	2.1152	1.7236
-1.3204	-1.3204	2.2125
-0.5609	2.7689	0.8799
-0.9630	-0.0357	0.1662
1.1675	-0.8657	1.2140
-1.5441	3.4780	-1.0030
-0.9630	-0.0357	0.1662
-2.1506	1.2522	4.1935
-2.5100	-1.5827	5.0719
-1.8250	-0.9707	0.8536
-2.3607	-0.0086	1.1722
0.6514	2.5340	-1.0637
1.1202	0.6507	-0.5949
2.7799	0.7467	-0.7065
2.8468	1.6679	-1.4939
2.7799	0.7467	-0.7065
-0.4688	1.8833	-0.4688
2.7799	0.7467	-0.7065
-1.1362	4.5457	0.5102
-0.5217	-0.1952	-0.5217
-0.5609	2.7689	0.8799
-1.2646	-1.2646	2.2683
-2.3808	-1.4535	2.2813
-0.2774	-0.2774	-0.2774
-0.5814	-0.5814	2.9515
-0.5814	-0.5814	2.9515
-0.5814	-0.5814	2.9515
-0.5814	-0.5814	2.9515
-0.5814	-0.5814	2.9515
-0.5814	-0.5814	2.9515
-0.9872	-0.9872	2.5457
-0.9630	-0.0357	0.1662
-1.3204	-1.3204	2.2125
-1.4318	1.8476	-0.3026
-1.4318	1.8476	-0.3026
-1.4318	1.8476	-0.3026
-1.3204	-1.3204	2.2125
-1.4318	1.8476	-0.3026
-1.6268	-1.6617	3.1479
-2.5124	0.7670	1.3310
-0.9352	1.4169	2.8033
0.6666	0.7020	-0.7647
0.6666	0.7020	-0.7647
0.6666	0.7020	-0.7647
0.6666	0.7020	-0.7647
0.6666	0.7020	-0.7647
0.6666	0.7020	-0.7647
0.6666	0.7020	-0.7647
0.6666	0.7020	-0.7647
0.2383	0.2737	-1.1930
0.7335	1.6232	-1.5521
-1.3275	-1.0351	-1.2945
-2.1379	-0.4576	0.9920
-2.1379	-0.4576	0.9920
-2.3844	-2.4169	0.7455
0.3892	0.4246	-1.0421
0.0669	0.9212	-0.7874
-1.7867	0.5654	1.7462
-0.5814	-0.5814	2.9515
0.3694	1.2591	-1.9162
0.9332	3.0015	-1.1033
-0.5738	0.3889	-0.8759
-0.5738	0.3889	-0.8759
0.1717	3.9044	-1.0973
-1.1490	-0.8225	-1.1490
-1.9502	-1.0229	2.7119
-0.9872	-0.9872	2.5457
2.9766	1.5059	-1.1219
4.7251	4.6829	-1.1545
4.2563	6.5662	-1.6233
-0.5814	-0.5814	2.9515
-1.3597	-0.4324	0.2038
1.4193	3.0487	-3.1360
-0.7054	4.5616	-2.8875
-0.2626	2.2129	-1.5004
-0.7843	-1.2269	-2.1121
-1.2646	-1.2646	2.2683
-1.2493	-1.2493	-1.2493
-1.7334	0.6187	1.7995
-1.2646	-1.2646	2.2683
-0.1623	-0.6049	-1.4901
-2.3469	-1.4196	2.7495
0.0062	0.5610	0.1707
-0.5814	-0.5814	2.9515
-0.7272	-0.7272	-0.7272
-0.3940	-0.3940	-0.3940
-0.3940	-0.3940	-0.3940
-0.9872	-0.9872	2.5457
0.1435	3.4733	-1.9486
-0.4688	1.8833	-0.4688
-0.5814	-0.5814	2.9515
-2.3607	-0.0086	1.1722
-2.3469	-1.4196	2.7495
-1.2646	-1.2646	2.2683
-2.3469	-1.4196	2.7495
-1.2646	-1.2646	2.2683
-0.6220	-0.6220	-0.6220
-0.2626	2.2129	-1.5004
-0.6258	1.2837	-1.9536
-0.6258	1.2837	-1.9536
-0.6220	-0.6220	-0.6220
-1.0908	1.2613	-1.0908
3.4416	1.5283	-1.9847
1.0241	-0.4818	-0.7129
2.8619	3.3042	-1.8623
2.5025	0.4693	-0.9839
-0.5814	-0.5814	2.9515
-0.5814	-0.5814	2.9515
0.3594	2.8349	-0.8784
-0.4058	-0.4058	-0.4058
-0.6024	2.2848	2.6398
-0.2747	-0.7498	-0.0180
-1.2646	-1.2646	2.2683
-1.5711	-1.6036	-1.1554
-2.3607	-0.0086	1.1722
-1.9502	-1.0229	2.7119
-1.2646	-1.2646	2.2683
-1.4560	0.8961	2.0769
-1.2646	-1.2646	2.2683
-1.2646	-1.2646	2.2683
-0.9872	-0.9872	2.5457
-1.2646	-1.2646	2.2683
-1.9411	-1.0138	3.1553
-1.2646	-1.2646	2.2683
-1.9411	-1.0138	3.1553
-2.4060	-1.4787	3.6175
-3.7060	-2.7787	4.6902
0.6015	-1.2668	1.6636
-0.4058	-0.4058	-0.4058
-0.4058	-0.4058	-0.4058
-0.7074	-0.7399	-0.2917
0.8744	0.3937	-0.4813
-1.5776	-1.5776	5.6695
-1.2646	-1.2646	2.2683
-0.4058	-0.4058	-0.4058
-1.3181	3.5095	0.9770
-1.2404	-0.3131	-0.1112
0.2928	0.1023	-1.0629
-1.1355	-0.8090	-1.1355
-1.2404	-0.3131	-0.1112
0.2928	0.1023	-1.0629
-1.7092	1.5702	-0.5800
-1.1982	-0.9042	-0.7825
-1.1982	-0.9042	-0.7825
-1.1982	-0.9042	-0.7825
-1.7334	0.6187	1.7995
-1.1982	-0.9042	-0.7825
-0.6765	-0.7090	-0.2608
-1.1982	-0.9042	-0.7825
-1.4566	-1.4566	1.2576
-0.4225	-0.4225	1.9626
-0.4225	-0.4225	1.9626
-0.4058	-0.4058	-0.4058
-2.1732	-1.8775	0.7006
-1.1422	0.6735	0.2532
-0.5217	-0.1952	-0.5217
0.3903	-0.2695	-0.5094
-0.7058	0.9865	-1.6055
-2.5226	0.1219	-2.4896
-1.8919	-1.8919	1.6410
2.9766	1.5059	-1.1219
-1.8013	2.4558	0.7687
-0.4688	1.8833	-0.4688
-0.4688	1.8833	-0.4688
-0.0096	2.8445	-1.0456
-0.4058	-0.4058	-0.4058
-0.3389	0.5154	-1.1932
-1.4995	-1.4995	2.2390
-0.8722	-0.8722	2.8663
0.6129	-1.1183	-1.3616
0.6129	-1.1183	-1.3616
1.2497	1.9940	-1.9626
-2.1295	0.5150	-2.0965
-0.8485	-0.8793	-0.3598
-0.6273	-0.6273	-0.6273
-1.6145	-1.6145	1.9184
-1.5809	1.0977	2.1333
-0.4058	-0.4058	-0.4058
-2.4253	3.0260	-3.6130
-0.6686	-0.6686	-0.6686
-2.2823	0.3963	-2.2823
-2.2823	0.3963	-2.2823
-2.2823	0.3963	-2.2823
-1.5016	-2.1614	1.1316
-0.9203	-0.0660	1.7583
-0.9872	-0.9872	2.5457
-1.3724	-1.4049	2.5762
-2.3469	-1.4196	2.7495
-2.3469	-1.4196	2.7495
-2.2800	-0.4984	1.9621
-0.4058	-0.4058	-0.4058
-1.3179	-1.3179	2.2150
-1.3179	-1.3179	2.2150
-0.7458	-0.7458	-0.7458
-2.8031	-2.8509	-2.2980
-1.7602	-1.7602	-1.7602
-2.8031	-2.8509	-2.2980
-2.8031	-2.8509	-2.2980
-0.7458	-0.7458	-0.7458
-1.5645	-0.1075	-1.5645
-1.7169	-1.3904	-1.7169
-1.1329	-1.1329	-1.1329
-1.2724	-1.2724	-1.2724
-1.2055	-0.3512	-2.0598
-1.3731	-1.3731	-1.3731
1.3553	-0.8185	-1.9470
-0.9872	-0.9872	2.5457
-0.9872	-0.9872	2.5457
-0.9872	-0.9872	2.5457
-0.9203	-0.0660	1.7583
-1.4560	0.8961	2.0769
-1.7215	-1.4291	-1.6885
-0.9872	-0.9872	2.5457
-1.9083	-1.9083	5.3388
-1.0502	1.3019	2.4827
-2.0878	1.3150	2.6979
-0.4058	-0.4058	-0.4058
-1.6151	2.6420	2.3163
-0.3852	-0.4177	0.0305
-0.3852	-0.4177	0.0305
2.2169	3.5418	-2.5678
2.5763	6.3767	-3.4462
2.9111	5.0903	-2.7279
-2.5583	-1.6310	2.1038
0.6905	-0.2980	-0.8216
-2.2243	-0.1028	-1.3199
-2.2243	-0.1028	-1.3199
-0.5814	-0.5814	2.9515
2.8442	4.1691	-1.9405
0.3594	2.8349	-0.8784
-0.9630	-0.0357	0.1662
0.8744	0.3937	-0.4813
2.4000	0.9293	-1.6985
1.3394	0.4161	-1.3441
0.5752	0.0945	-0.7805
1.4063	1.3373	-2.1315
0.5752	0.0945	-0.7805
0.8744	0.3937	-0.4813
0.8744	0.3937	-0.4813
-0.1314	-0.4647	-1.0311
-0.6595	-1.3193	0.8259
-0.6595	-1.3193	0.8259
-1.1812	-1.5145	0.3042
-1.0400	-1.6998	0.4454
-2.1767	0.1754	0.5375
-2.1767	0.1754	0.5375
1.7388	0.0384	-0.7244
1.7388	0.0384	-0.7244
1.2700	1.9217	-1.1932
1.7388	0.0384	-0.7244
-1.4995	-1.4995	2.2390
-1.4995	-1.4995	2.2390
0.7676	2.6141	1.1081
-0.9872	-0.9872	2.5457
0.6586	0.0070	1.6002
2.8558	6.6562	-3.1667
0.5917	-0.9142	2.3876
1.0260	3.5369	-1.6431
0.6586	0.0070	1.6002
0.5917	-0.9142	2.3876
1.3523	3.5918	-0.8978
-1.6605	-1.6605	5.6065
-1.2646	-1.2646	2.2683
-1.2646	-1.2646	2.2683
-1.2646	-1.2646	2.2683
-0.9872	-0.9872	2.5457
-3.0463	0.2331	1.6158
-0.9872	-0.9872	2.5457
0.1229	0.9691	1.9188
-1.9549	0.3972	1.5780
-1.2646	-1.2646	2.2683
-1.9592	-1.0319	2.8842
-1.6588	-1.6913	2.4711
-1.5776	-1.5776	5.6695
-0.9872	-0.9872	2.5457
-1.8919	-1.8919	1.6410
1.7241	5.7835	-1.8738
9.3910	5.3023	-1.2642
1.3647	2.9486	-0.9954
-1.4182	-0.4909	-0.2890
-2.4054	-1.4781	2.2567
-2.4054	-1.4781	2.2567
-0.8115	0.0782	2.3962
-2.0678	-2.0678	4.1793
-0.5145	0.3398	2.1641
-0.9872	-0.9872	2.5457
0.1948	1.7081	3.4212
-2.1440	-0.3624	1.6837
-0.9840	-0.6745	-0.9676
0.8112	1.0181	2.6270
-1.6598	-1.3674	-1.6268
-0.5266	-0.5266	-0.5266
-0.5266	-0.5266	-0.5266
-3.6990	-2.7717	7.5285
-1.8819	-0.9546	6.6314
-2.2877	-1.3604	6.2256
-1.8819	-0.9546	6.6314
-1.8819	-0.9546	6.6314
-0.5814	-0.5814	2.9515
-1.7092	1.5702	-0.5800
-1.2404	-0.3131	-0.1112
-1.7621	-0.5083	-0.6329
-1.8819	-0.9546	6.6314
-0.6273	-0.6273	-0.6273
-1.6906	0.0222	2.0453
-0.9630	-0.0357	0.1662
-1.2404	-0.3131	-0.1112
-0.5217	-0.1952	-0.5217
-0.5266	-0.5266	-0.5266
-0.5266	-0.5266	-0.5266
3.5972	4.0286	-1.0970
3.8897	5.9423	-1.1880
-0.4664	-0.4664	3.2721
-0.4664	-0.4664	3.2721
-0.4664	-0.4664	3.2721
-0.4664	-0.4664	3.2721
-1.6598	-1.3674	-1.6268
-2.2871	-1.9947	-2.2541
-0.7983	0.3654	-1.6360
-2.7559	-0.1114	-2.7229
-0.5266	-0.5266	-0.5266
-1.1024	3.7252	1.3983
-0.5266	-0.5266	-0.5266
-0.9930	-0.9930	2.7455
0.0062	0.5610	0.1707
0.0062	0.5610	0.1707
0.0062	0.5610	0.1707
0.0062	0.5610	0.1707
-0.7968	-0.2420	1.7528
0.0062	0.5610	0.1707
0.0062	0.5610	0.1707
0.0062	0.5610	0.1707
0.0062	0.5610	0.1707
-0.4058	-0.4058	-0.4058
-0.5266	-0.5266	-0.5266
-0.5266	-0.5266	-0.5266
-0.5266	-0.5266	-0.5266
-0.4058	-0.4058	-0.4058
-0.4980	-0.0133	-0.6966
-0.4980	-0.0133	-0.6966
-0.9630	-0.0357	0.1662
-0.6036	2.7992	-0.7122
-0.3082	-0.3082	-0.3082
-0.3082	-0.3082	-0.3082
-1.0732	2.2566	0.5732
-0.4899	0.5245	-1.8177
-0.1206	-0.5632	-1.4484
-0.2125	0.8019	-1.5403
-0.4899	0.5245	-1.8177
-0.2125	0.8019	-1.5403
-2.3469	-1.4196	2.7495
-0.3852	-0.4177	0.0305
-0.3852	-0.4177	0.0305
-0.4946	4.3005	-1.3167
2.6156	1.1697	-0.6059
-1.3275	-1.0351	-1.2945
1.7388	0.0384	-0.7244
-0.9630	-0.0357	0.1662
1.7388	0.0384	-0.7244
0.0920	2.3848	-1.8572
1.7388	0.0384	-0.7244
-0.9872	-0.9872	2.5457
-0.4058	-0.4058	-0.4058
0.2021	1.4674	-1.2292
0.2021	1.4674	-1.2292
-2.6354	-2.3738	-2.1137
-2.6354	-2.3738	-2.1137
-2.6354	-2.3738	-2.1137
-2.6354	-2.3738	-2.1137
-0.9872	-0.9872	2.5457
-1.0331	-1.0331	-1.0331
-1.0331	-1.0331	-1.0331
1.1298	-0.9342	1.0988
1.6651	4.3659	-1.8154
2.1909	1.1852	-1.8134
6.2533	3.0063	-1.0730
2.7190	1.6077	-0.7674
1.2893	4.4507	-0.9608
-1.2646	-1.2646	2.2683
2.3422	1.2309	-1.1442
-2.1807	9.4475	-3.4264
-0.5814	-0.5814	2.9515
-1.7092	1.5702	-0.5800
-1.7092	1.5702	-0.5800
-1.2404	-0.3131	-0.1112
-1.2404	-0.3131	-0.1112
-1.7092	1.5702	-0.5800
-1.7092	1.5702	-0.5800
-2.6797	0.5997	2.0023
-1.7092	1.5702	-0.5800
-1.1735	0.6081	-0.8986
0.1907	7.3208	-2.3161
0.2576	8.2420	-3.1035
0.1907	7.3208	-2.3161
0.1907	7.3208	-2.3161
0.1292	9.5438	-3.2319
-0.1687	4.4859	-1.4377
-1.7079	-1.7079	1.0063
-0.4058	-0.4058	-0.4058
-0.0464	2.4291	-1.2842
-0.5904	-0.5904	3.1238
-0.2370	-0.8968	-1.1367
-0.7058	0.9865	-1.6055
-0.2747	-0.7498	-0.0180
-1.4995	-1.4995	2.2390
0.3903	-0.2695	-0.5094
-1.8296	-1.5339	-1.3409
-1.8296	-1.5339	-1.3409
-1.8296	-1.5339	-1.3409
-0.9811	-0.6546	-0.9811
-1.7294	1.7694	-2.5507
-0.5217	-0.1952	-0.5217
-1.8218	-0.8945	2.8403
-2.2276	-1.3003	2.4345
5.1275	2.0247	-1.1248
0.7700	2.4931	-0.6184
-2.2276	-1.3003	2.4345
-1.4624	1.9404	1.9619
-2.3336	-1.4063	2.3285
-2.3336	-1.4063	2.3285
-1.3695	1.4846	-2.4055
5.1275	2.0247	-1.1248
-2.2276	-1.3003	2.4345
-0.5814	-0.5814	2.9515
-0.8030	-0.8030	1.5821
-0.0496	-1.0118	4.6202
-0.9840	-0.6745	-0.9676
-0.2370	-0.8968	-1.1367
-0.2370	-0.8968	-1.1367
-0.6273	-0.6273	-0.6273
-0.2370	-0.8968	-1.1367
-1.4895	0.6953	-1.4895
-1.0245	0.7177	-2.3523
-1.0245	0.7177	-2.3523
-1.0245	0.7177	-2.3523
-0.9601	1.5154	1.3350
-0.9872	-0.9872	2.5457
-0.9872	-0.9872	2.5457
-0.9203	-0.0660	1.7583
-1.0966	3.7310	1.1985
-0.9872	-0.9872	2.5457
-0.3693	1.0877	-0.3693
-0.4891	2.7101	-1.8169
-1.3735	0.9786	-1.3735
1.3825	2.6686	-0.7947
-0.4688	1.8833	-0.4688
-2.4897	4.1195	1.4417
0.9074	3.2487	-1.9175
-1.0502	1.3019	2.4827
2.9766	1.5059	-1.1219
-1.0143	5.9924	-2.2833
0.8744	0.3937	-0.4813
2.9766	1.5059	-1.1219
-1.2646	-1.2646	2.2683
1.2352	-0.2924	0.2952
-1.2404	-0.3131	-0.1112
-1.2404	-0.3131	-0.1112
-2.2527	-1.3254	3.7907
0.2861	3.7953	-0.8238
1.0667	-0.9665	3.8274
3.0594	1.0262	-0.4270
2.0722	0.0390	2.1187
3.5913	1.9698	-2.0772
3.9507	4.8047	-2.9556
3.0594	1.0262	-0.4270
-0.2928	-0.2928	-0.2928
-0.4058	-0.4058	-0.4058
-0.5298	-1.1896	-1.4295
-1.9452	-1.9452	1.5877
-1.6145	-1.6145	1.9184
-1.6145	-1.6145	1.9184
1.7147	2.0164	-2.8254
0.7862	-0.7197	2.6020
-0.5904	-0.5904	3.1238
0.7862	-0.7197	2.6020
0.7862	-0.7197	2.6020
2.4740	0.3174	0.1456
-1.3499	-0.4226	3.3321
-0.9872	-0.9872	2.5457
-0.9872	-0.9872	2.5457
-0.5609	2.7689	0.8799
0.1679	0.8213	-0.4287
-0.5814	-0.5814	2.9515
5.1275	2.0247	-1.1248
-1.3275	-1.0351	-1.2945
-0.9203	-0.0660	1.7583
-0.9872	-0.9872	2.5457
-0.6278	1.8477	1.6673
-0.3949	-0.3949	-0.3949
-1.5239	2.7332	1.0461
-0.1551	3.1747	1.2857
-0.5609	2.7689	0.8799
-0.6278	1.8477	1.6673
-2.2527	-1.3254	3.7907
-2.0164	1.1900	0.6622
-2.7215	0.5579	3.3219
-0.8722	-0.8722	2.8663
-1.0966	3.7310	1.1985
-2.0209	2.2362	1.9105
-0.9872	-0.9872	2.5457
-1.3275	-1.0351	-1.2945
0.3594	2.8349	-0.8784
0.3594	2.8349	-0.8784
-0.6739	5.4109	-1.9429
-0.2051	3.5276	-1.4741
0.3594	2.8349	-0.8784
0.4263	3.7561	-1.6658
-0.6273	-0.6273	-0.6273
0.8244	2.8573	-1.7412
-0.2220	2.2535	2.0731
-1.1818	-0.6578	-0.5286
-0.8840	3.9436	1.6167
0.8291	-0.6985	-0.1109
-0.2747	-0.7498	-0.0180
-0.9052	1.5703	1.3899
-1.1818	-0.6578	-0.5286
-0.3082	-0.3082	-0.3082
-0.9630	-0.0357	0.1662
-0.2110	1.3023	3.0154
1.5489	0.8193	-0.3527
-1.1818	-0.6578	-0.5286
0.6197	1.0163	-0.2713
-0.0096	2.8445	-1.0456
2.4780	0.4448	2.5245
2.5906	2.9095	-0.8958
-1.3172	-1.0077	-1.3008
1.7914	1.9430	-1.6950
-0.9840	-0.6745	-0.9676
-0.9442	-0.6177	1.4409
-1.6598	-1.3674	-1.6268
-1.3275	-1.0351	-1.2945
-0.3869	-0.3869	3.1659
-0.9872	-0.9872	2.5457
-0.2913	-0.2913	-0.2913
5.4869	4.8596	-2.0032
-1.1381	-1.1722	-1.1051
1.2388	0.6098	-0.1496
-1.6598	-1.3674	-1.6268
-0.9840	-0.6745	-0.9676
-1.6598	-1.3674	-1.6268
-0.9840	-0.6745	-0.9676
-0.5548	-0.5548	-0.5548
-1.7952	-0.8679	-0.6660
-0.5548	-0.5548	-0.5548
-2.2640	1.0154	-1.1348
-2.6437	-1.7472	-1.0258
-2.0801	0.5815	-2.0637
-1.9411	-1.0138	3.1553
-0.9630	-0.0357	0.1662
-1.0719	-1.1044	-0.6562
-1.6311	1.3755	-2.0697
-0.6036	2.7992	-0.7122
1.2388	0.6098	-0.1496
-0.9872	-0.9872	2.5457
-0.7927	-0.7927	2.7601
-1.2615	1.0906	2.2913
-0.3082	-0.3082	-0.3082
-0.7927	-0.7927	2.7601
-2.9076	0.3410	-1.2897
-2.4388	-1.5423	-0.8209
-2.4388	-1.5423	-0.8209
-3.1217	-2.2252	-1.5038
-0.1623	-0.6049	-1.4901
-1.4756	-1.4756	2.0772
-0.9872	-0.9872	2.5457
-0.9203	-0.0660	1.7583
-0.9872	-0.9872	2.5457
-0.9872	-0.9872	2.5457
1.2703	1.0343	0.2580
-1.0502	1.3019	2.4827
-1.1908	4.7993	-2.9777
-0.9872	-0.9872	2.5457
-0.9872	-0.9872	2.5457
1.5789	0.0730	-0.1581
0.4263	3.7561	-1.6658
-0.9872	-0.9872	2.5457
-1.9548	-1.6624	-1.9218
-0.4058	-0.4058	-0.4058
-0.9872	-0.9872	2.5457
-0.9203	-0.0660	1.7583
-1.9548	-1.6624	-1.9218
-1.9548	-1.6624	-1.9218
-2.4236	0.2209	-2.3906
1.2388	0.6098	-0.1496
-1.9548	-1.6624	-1.9218
-1.4299	-1.4607	2.5917
-0.4688	1.8833	-0.4688
-0.4688	1.8833	-0.4688
-2.9076	0.3410	-1.2897
-1.0273	2.3025	4.1520
-0.9872	-0.9872	2.5457
-0.9872	-0.9872	2.5457
-0.9872	-0.9872	2.5457
-3.3834	2.3407	-1.0429
-0.9872	-0.9872	2.5457
7.1090	2.2326	0.1268
1.2388	0.6098	-0.1496
0.0865	6.0913	-2.5826
1.2388	0.6098	-0.1496
-0.4512	0.3487	4.0480
1.2388	0.6098	-0.1496
-0.5814	-0.5814	2.9515
3.0435	2.4271	-1.9093
-0.9203	-0.0660	1.7583
-1.9707	-1.6612	-1.9543
1.2703	1.0343	0.2580
-1.6598	-1.3674	-1.6268
-0.9622	0.7506	2.5707
-1.3172	-1.0077	-1.3008
-1.9502	-1.0229	2.7119
-1.5239	2.7332	1.0461
-1.4560	0.8961	2.0769
-0.2975	-0.2975	-0.2975
10.4155	3.8822	-1.9845
-0.5266	-0.5266	-0.5266
-0.5266	-0.5266	-0.5266
-0.5266	-0.5266	-0.5266
-1.5016	-2.1614	1.1316
-2.3985	-2.3985	3.8486
-2.2800	-0.4984	1.9621
-0.4058	-0.4058	-0.4058
-0.4058	-0.4058	-0.4058
-0.4055	-0.4055	-0.4055
-0.0461	2.4294	-1.2839
-0.4055	-0.4055	-0.4055
-0.4055	-0.4055	-0.4055
0.3903	-0.2695	-0.5094
-1.3634	3.4334	-2.1125
-0.4055	-0.4055	-0.4055
-0.4055	-0.4055	-0.4055
1.8038	0.7981	-2.2005
-0.5266	-0.5266	-0.5266
2.3107	3.3945	-2.5257
3.0208	1.3226	-0.8622
3.0208	1.3226	-0.8622
1.2352	-0.2924	0.2952
1.8844	-0.3616	-0.8599
-0.9872	-0.9872	2.5457
-0.9872	-0.9872	2.5457
-0.8179	-0.8179	-0.8179
-2.1286	0.5159	-2.0956
-0.8179	-0.8179	-0.8179
-0.8179	-0.8179	-0.8179
-0.8179	-0.8179	-0.8179
-0.3395	-0.3395	-0.3395
-0.8179	-0.8179	-0.8179
-1.6598	-1.3674	-1.6268
-2.6823	-1.7550	2.6952
-1.9411	-1.0138	3.1553
-1.9411	-1.0138	3.1553
0.3903	-0.2695	-0.5094
4.0242	2.1741	-2.4244
-1.9411	-1.0138	3.1553
0.3903	-0.2695	-0.5094
3.0375	-1.2881	-2.1733
-1.9411	-1.0138	3.1553
0.3903	-0.2695	-0.5094
-3.0662	-1.8294	-1.9206
-1.3724	-1.4049	2.5762
3.4858	1.3450	-1.7250
3.4858	1.3450	-1.7250
-1.9704	-0.2781	0.6628
-1.5016	-2.1614	1.1316
-0.4688	1.8833	-0.4688
-1.9704	-0.2781	0.6628
-1.1911	-1.1911	-1.1911
-1.8107	-0.1287	2.2109
-0.2774	-0.2774	-0.2774
-0.2224	3.5882	2.3705
3.0594	1.0262	-0.4270
-0.6645	-0.6645	-0.6645
-0.6645	-0.6645	-0.6645
-0.6645	-0.6645	-0.6645
-0.0096	2.8445	-1.0456
-0.3435	-0.3606	-0.3269
-0.3435	-0.3606	-0.3269
-0.5217	-0.1952	-0.5217
-2.6084	0.0317	2.0537
7.3623	3.4170	-1.3868
-0.2913	-0.2913	-0.2913
-0.9622	0.7506	2.5707
-1.3410	1.0111	2.3975
-1.3172	-1.0077	-1.3008
-1.3276	1.0245	2.2053
0.1118	0.1472	-1.3195
0.1787	1.0684	-2.1069
-0.4829	2.5166	-1.0675
0.0062	0.5610	0.1707
0.0062	0.5610	0.1707
-1.1673	2.1147	-2.7543
-1.4560	0.8961	2.0769
0.7226	3.8498	-2.9784
5.1770	5.4040	-3.1674
0.9905	1.6422	-1.4727
0.1254	0.7788	3.4427
-1.1931	-0.8666	-1.1931
0.1254	0.7788	3.4427
0.9710	4.9542	-1.7177
0.3903	-0.2695	-0.5094
0.3903	-0.2695	-0.5094
-1.5842	-0.3189	-0.3013
-0.3768	-0.3768	-0.3768
-0.8485	-0.8793	-0.3598
-0.9203	-0.0660	1.7583
-0.9662	-0.1119	-1.8205
2.5460	5.4113	-2.7664
-0.6751	1.3578	0.4978
-0.6737	1.8018	-1.9115
-0.9088	-0.5823	-0.9088
-1.0742	4.0038	-1.8834
-1.9683	0.3838	1.7702
-0.4058	-0.4058	-0.4058
-0.4058	-0.4058	-0.4058
-1.6498	-1.6823	2.2988
-0.4058	-0.4058	-0.4058
-0.4058	-0.4058	-0.4058
1.8208	2.5959	-1.8802
1.4614	-0.2390	-1.0018
1.4614	-0.2390	-1.0018
-0.9203	-0.0660	1.7583
-1.2248	2.5160	-1.1797
-0.6278	1.8477	1.6673
-1.7660	-0.8387	1.7483
-2.2877	-1.0339	1.2266
-1.5239	2.7332	1.0461
0.3903	-0.2695	-0.5094
-0.7927	-0.7927	2.7601
-0.2370	-0.8968	-1.1367
-0.2370	-0.8968	-1.1367
-0.7058	0.9865	-1.6055
-0.2370	-0.8968	-1.1367
0.3450	1.8170	-1.0393
0.8368	0.2078	-0.5516
0.4555	-0.3239	-1.9017
0.8744	0.3937	-0.4813
-1.8981	1.9343	-1.4695
-1.9650	1.0131	-0.6821
-1.5016	-2.1614	1.1316
-1.9704	-0.2781	0.6628
-1.8981	1.9343	-1.4695
-1.9650	1.0131	-0.6821
-1.5016	-2.1614	1.1316
-1.5016	-2.1614	1.1316
-0.5814	-0.5814	2.9515
-1.8819	-0.9546	6.6314
-1.5016	-2.1614	1.1316
0.3903	-0.2695	-0.5094
-0.1945	1.3305	-1.0942
-0.8540	1.4656	-0.4383
-0.1945	1.3305	-1.0942
0.3903	-0.2695	-0.5094
-1.6654	0.5194	1.0488
0.3903	-0.2695	-0.5094
-0.1276	2.2517	-1.8816
-0.8218	0.7032	-1.7215
-0.8218	0.7032	-1.7215
-1.5660	3.2616	-0.0896
-1.3179	-1.3179	2.2150
-1.2906	2.5865	-2.1903
-1.6792	0.9609	-0.2689
-1.2906	2.5865	-2.1903
0.1129	-0.5469	-0.7868
0.1129	-0.5469	-0.7868
-0.3728	0.0389	-2.5549
-2.5923	0.3858	-1.3094
-1.5016	-2.1614	1.1316
-1.3735	0.9786	-1.3735
-1.5016	-2.1614	1.1316
-0.8227	1.6528	-2.0605
-1.5016	-2.1614	1.1316
0.3903	-0.2695	-0.5094
-0.6273	-0.6273	-0.6273
-1.8981	1.9343	-1.4695
-0.4980	-0.0133	-0.6966
-1.9650	1.0131	-0.6821
0.3903	-0.2695	-0.5094
-1.9650	1.0131	-0.6821
-1.6913	0.0215	-1.6913
-1.9650	1.0131	-0.6821
-1.9650	1.0131	-0.6821
-0.5036	0.7617	-1.9349
-0.8540	1.4656	-0.4383
-0.3183	0.5035	-0.7569
-0.3852	-0.4177	0.0305
-0.5814	-0.5814	2.9515
-1.5954	1.1725	-2.8002
-0.5145	0.3398	2.1641
0.4263	3.7561	-1.6658
-0.8883	0.4356	-2.1997
-1.0449	3.7827	-2.2827
0.1120	1.4756	-1.4001
-0.4728	3.0756	-1.9849
10.0051	2.8743	-1.9331
-0.4058	-0.4058	-0.4058
-0.4058	-0.4058	-0.4058
-0.6832	-0.6832	-0.6832
-0.6832	-0.6832	-0.6832
-0.6832	-0.6832	-0.6832
-0.4484	-1.1012	0.4995
-0.8652	-0.5558	-0.8486
-0.8652	-0.5558	-0.8486
-2.5354	-2.2738	-2.0137
-0.5190	-0.6521	-1.8304
-0.9840	-0.6745	-0.9676
-1.4326	-0.5783	1.4516
-0.8652	-0.5558	-0.8486
-2.0033	1.7427	-0.4788
-2.0033	1.7427	-0.4788
-0.5190	-0.6521	-1.8304
-0.5190	-0.6521	-1.8304
-1.3271	-0.3998	-0.1979
-2.0033	1.7427	-0.4788
-2.4721	3.6260	-0.9476
-2.0033	1.7427	-0.4788
1.1015	0.1702	-1.2880
0.8241	-0.1072	-1.5654
1.1015	0.1702	-1.2880
-0.8077	2.3987	-1.6620
0.8948	0.2891	-0.0452
-0.5623	-0.5623	-0.5623
-0.6789	-0.6789	-0.6789
-1.3780	-1.0685	-1.3616
-1.3780	-1.0685	-1.3616
-1.3780	-1.0685	-1.3616
-1.7215	-1.4291	-1.6885
-2.0479	-1.8053	-1.9668
-1.5856	-1.3260	-1.5209
-1.7215	-1.4291	-1.6885
-1.5856	-1.3260	-1.5209
-1.3780	-1.0685	-1.3616
-1.3276	-0.4003	-0.1984
-1.3780	-1.0685	-1.3616
-1.2592	-0.9498	-1.2426
1.7388	0.0384	-0.7244
1.7388	0.0384	-0.7244
-1.2843	-1.2843	2.4542
-1.2843	-1.2843	2.4542
2.1616	4.8128	-2.2706
0.6110	2.4575	1.5177
-1.7215	-1.4291	-1.6885
-1.7215	-1.4291	-1.6885
-2.0479	-1.8053	-1.9668
-1.7215	-1.4291	-1.6885
-1.7215	-1.4291	-1.6885
-2.0479	-1.8053	-1.9668
-0.5814	-0.5814	2.9515
-0.8563	-0.8733	-0.8399
1.1202	0.6507	-0.5949
1.1202	0.6507	-0.5949
-2.8411	-1.9906	0.1972
-2.7866	-1.8593	1.8755
-0.5814	-0.5814	2.9515
-2.7866	-1.8593	1.8755
0.3594	2.8349	-0.8784
-0.7927	-0.7927	2.7601
-0.1094	4.7182	-1.3472
-1.9083	-1.9083	5.3388
-0.8485	-0.8793	-0.3598
-1.3780	-1.0685	-1.3616
-1.3780	-1.0685	-1.3616
-2.0479	-1.8053	-1.9668
-1.3780	-1.0685	-1.3616
-2.5805	-1.6532	-1.4513
-1.3780	-1.0685	-1.3616
-1.3780	-1.0685	-1.3616
-1.3780	-1.0685	-1.3616
-1.7215	-1.4291	-1.6885
-1.3780	-1.0685	-1.3616
-1.3780	-1.0685	-1.3616
-1.3780	-1.0685	-1.3616
-1.3780	-1.0685	-1.3616
-0.8563	-0.8733	-0.8399
-1.3780	-1.0685	-1.3616
-0.0096	2.8445	-1.0456
-1.3780	-1.0685	-1.3616
8.6618	4.3870	-2.4945
-2.1695	-1.2798	3.7524
1.8682	4.1568	-1.6238
-1.7215	-1.4291	-1.6885
-0.2317	-0.6743	6.2374
-0.6818	1.5624	7.1921
-2.8000	-0.1555	-2.7670
0.4650	0.0224	-0.8628
-0.7866	0.9262	-0.7866
-3.1447	-0.7926	3.1024
-0.8380	-0.5397	-1.0972
-2.6759	-2.6759	3.5712
-3.1447	-0.7926	3.1024
-1.8833	-0.1017	1.9245
-1.8833	-0.1017	1.9245
-1.9502	-1.0229	2.7119
-1.7469	2.3887	-1.7469
-0.9088	-0.5823	-0.9088
-0.9775	-0.9775	2.7367
-1.1722	0.5201	1.6666
-1.6820	1.7208	3.1037
-0.2849	-0.2849	-0.2849
-0.6997	-1.6944	1.8161
-1.5016	-2.1614	1.1316
-2.0414	-1.1141	3.9821
-0.5604	0.2939	-1.4147
-0.6273	-0.6273	-0.6273
-1.2404	-0.3131	-0.1112
-0.7910	-0.8235	-0.3753
-2.0988	4.9436	1.8745
-2.4582	2.1087	2.7529
-1.6598	-1.3674	-1.6268
-1.1490	-0.8225	-1.1490
0.2435	9.5610	-2.1877
-2.5124	0.7670	1.3310
-0.5814	-0.5814	2.9515
-0.7034	-1.3632	2.1354
0.9929	0.7569	-0.0194
-0.2849	-0.2849	-0.2849
-0.2849	-0.2849	-0.2849
-0.2849	-0.2849	-0.2849
-0.2180	0.6363	-1.0723
-0.5643	-0.5643	-0.5643
-0.6720	-0.6720	-0.6720
-0.2849	-0.2849	-0.2849
-0.2849	-0.2849	-0.2849
-0.2849	-0.2849	-0.2849
-0.3614	0.4929	-1.2157
-1.6598	-1.3674	-1.6268
-0.5266	-0.5266	-0.5266
-2.3607	-0.0086	1.1722
-1.7019	-0.0216	3.4155
-0.9872	-0.9872	2.5457
-0.9872	-0.9872	2.5457
-1.2335	2.3887	-3.2926
0.0766	2.5521	-1.1612
-1.1490	-0.8225	-1.1490
0.1435	3.4733	-1.9486
-0.4058	-0.4058	-0.4058
-0.8743	-1.5341	1.7589
-0.9513	5.0571	-3.0434
1.2352	-0.2924	0.2952
-0.6163	0.2380	-1.4706
2.6693	4.4533	-2.5947
2.6693	4.4533	-2.5947
2.6693	4.4533	-2.5947
-0.5814	-0.5814	2.9515
3.4188	3.8611	-1.3054
0.3521	2.2273	-0.6965
-0.3833	-0.9836	-0.1941
0.4577	-0.5852	-0.6809
-1.4560	0.8961	2.0769
-2.4236	0.2209	-2.3906
-1.7963	0.8482	-1.7633
-0.9872	-0.9872	2.5457
-0.9872	-0.9872	2.5457
-1.4560	0.8961	2.0769
3.0594	1.0262	-0.4270
3.0594	1.0262	-0.4270
-1.3702	-1.0745	-0.8815
-0.8722	-0.8722	2.8663
-0.9872	-0.9872	2.5457
-0.4058	-0.4058	-0.4058
-1.6637	-1.6962	2.2849
0.3903	-0.2695	-0.5094
-1.2646	-1.2646	2.2683
-2.0538	-1.7614	-2.0208
1.4189	5.4004	-3.1364
0.3833	1.1832	-0.0317
-1.0701	-1.0701	2.4827
-1.0701	-1.0701	2.4827
-3.2091	-0.0970	1.8873
0.3074	-0.8937	-0.6326
0.3074	-0.8937	-0.6326
0.8291	-0.6985	-0.1109
-0.0662	0.9733	1.6724
0.3074	-0.8937	-0.6326
0.4056	2.2770	-0.9501
-0.6278	1.8477	1.6673
1.2388	0.6098	-0.1496
1.2388	0.6098	-0.1496
2.6895	4.4000	-1.1711
2.6895	4.4000	-1.1711
-0.4019	2.8045	-1.2562
1.4063	1.3373	-2.1315
-0.2326	7.2055	-2.7394
-0.2072	2.0856	-2.1564
2.2736	0.2468	-2.7770
2.6330	3.0817	-3.6554
2.5510	0.5242	-2.4996
-2.8497	2.7379	1.0089
1.1202	0.6507	-0.5949
1.1202	0.6507	-0.5949
-0.5217	-0.1952	-0.5217
-1.9502	-1.0229	2.7119
-1.9502	-1.0229	2.7119
-0.9248	-0.9248	-0.9248
-0.9930	-0.9930	2.7455
-0.9930	-0.9930	2.7455
-0.9930	-0.9930	2.7455
-0.9930	-0.9930	2.7455
0.2383	0.2737	-1.1930
1.6966	4.7904	-1.4078
-0.9599	3.8954	-0.9599
0.5531	1.2390	-0.4592
2.9766	1.5059	-1.1219
-0.9599	3.8954	-0.9599
-1.5107	-0.6564	4.8821
0.3498	5.6794	-1.9240
-0.9872	-0.9872	2.5457
0.8744	0.3937	-0.4813
0.9413	1.3149	-1.2687
1.3394	0.4161	-1.3441
0.8744	0.3937	-0.4813
0.4511	7.3651	-2.9967
0.8744	0.3937	-0.4813
0.8744	0.3937	-0.4813
-2.4677	0.1768	-2.4347
-2.4677	0.1768	-2.4347
0.1798	-1.4422	0.2114
3.4416	1.5283	-1.9847
-0.2724	0.1393	-2.4545
-0.8043	-0.8043	-0.8043
0.0870	2.9742	-3.3329
-0.5609	2.7689	0.8799
0.0870	2.9742	-3.3329
0.0870	2.9742	-3.3329
-2.1083	3.0117	-3.3131
0.4875	0.0068	2.6846
3.3360	4.3408	-2.0003
-1.4995	-1.4995	2.2390
-0.8883	0.4356	-2.1997
-0.9840	-0.6745	-0.9676
-0.2370	-0.8968	-1.1367
-0.9872	-0.9872	2.5457
0.5311	6.7393	-1.9757
-1.9502	-1.0229	2.7119
-0.9872	-0.9872	2.5457
-1.8546	2.4025	0.7154
-1.3955	2.8616	1.1745
-1.9502	-1.0229	2.7119
-1.5444	-0.6171	3.1177
-1.9502	-1.0229	2.7119
-0.6036	2.7992	-0.7122
-0.5145	0.3398	2.1641
-0.0633	1.1081	-1.7774
-0.4690	2.3851	-1.5050
1.1833	3.4776	-2.7139
0.3903	-0.2695	-0.5094
-0.9872	-0.9872	2.5457
-0.5814	-0.5814	2.9515
-0.2220	2.2535	2.0731
2.5250	-1.3580	1.3562
-0.9872	-0.9872	2.5457
-0.4994	1.9761	1.7957
-0.9203	-0.0660	1.7583
-0.9872	-0.9872	2.5457
-0.9840	-0.6745	-0.9676
-0.0785	1.6138	-0.9782
-1.5016	-2.1614	1.1316
-1.1422	0.6735	0.2532
-1.5908	1.8120	1.8335
-0.9872	-0.9872	2.5457
-1.4182	-0.4909	-0.2890
-0.8549	-0.5284	-0.8549
-0.4058	-0.4058	-0.4058
-0.0214	4.1669	-1.2592
-1.7334	0.6187	1.7995
-0.3871	-0.3871	-0.3871
-2.4472	-1.5199	3.5763
-1.4560	0.8961	2.0769
-1.0297	4.6522	0.4111
-0.5609	2.7689	0.8799
-0.1292	0.9546	2.0153
1.7388	0.0384	-0.7244
-0.3940	-0.3940	-0.3940
-0.7034	-1.3632	2.1354
-1.6539	-1.4113	-1.5728
1.2388	0.6098	-0.1496
1.2388	0.6098	-0.1496
-1.4560	0.8961	2.0769
-2.1903	0.4542	-2.1573
-0.2370	-0.8968	-1.1367
-0.2370	-0.8968	-1.1367
-0.5609	2.7689	0.8799
-2.6148	0.7880	1.2438
-0.5609	2.7689	0.8799
-2.1980	2.0591	0.8063
-1.8374	-1.5279	-1.8210
-1.7867	0.5654	1.7462
-0.9811	-0.6546	-0.9811
-0.8563	-0.8733	-0.8399
-2.7559	-0.1114	-2.7229
-0.8563	-0.8733	-0.8399
-0.4058	-0.4058	-0.4058
-1.2592	-0.9498	-1.2426
3.0594	1.0262	-0.4270
1.2388	0.6098	-0.1496
1.2388	0.6098	-0.1496
1.2388	0.6098	-0.1496
1.2388	0.6098	-0.1496
-2.3985	-2.3985	3.8486
-0.9872	-0.9872	2.5457
-0.6273	-0.6273	-0.6273
-0.9203	-0.0660	1.7583
-1.5016	-2.1614	1.1316
-1.5016	-2.1614	1.1316
-1.5016	-2.1614	1.1316
-1.2646	-1.2646	2.2683
-1.5016	-2.1614	1.1316
-0.9121	-0.9121	2.6208
0.8015	2.9176	-0.2108
1.2703	1.0343	0.2580
0.7862	-0.7197	2.6020
-0.9052	1.5703	1.3899
-2.7869	1.9767	1.0964
-2.3181	0.0934	1.5652
2.3506	3.5374	-3.5325
1.4593	-0.2411	-1.0039
1.3656	0.6596	0.5750
-0.3852	-0.4177	0.0305
-0.9203	-0.0660	1.7583
-2.3469	-1.4196	2.7495
-1.0502	1.3019	2.4827
-0.5217	-0.1952	-0.5217
-1.0502	1.3019	2.4827
-0.9872	-0.9872	2.5457
-0.9872	-0.9872	2.5457
-0.5814	-0.5814	2.9515
0.4650	0.0224	-0.8628
-0.9872	-0.9872	2.5457
-0.9872	-0.9872	2.5457
-2.5566	3.1983	2.2291
-0.9872	-0.9872	2.5457
-1.4560	0.8961	2.0769
-0.4058	-0.4058	-0.4058
-0.9872	-0.9872	2.5457
-0.9157	-0.5892	-0.9157
-1.2615	1.0906	2.2913
3.9510	4.7240	-1.6079
1.7388	0.0384	-0.7244
-2.8582	0.7477	-1.7290
-0.8383	2.4915	0.6025
-0.5145	0.3398	2.1641
0.1215	-0.3382	-1.1897
1.0212	3.8703	-2.4266
0.9543	2.9491	-1.6392
0.8744	0.3937	-0.4813
0.8903	-0.8409	-1.0842
0.3686	-1.0361	-1.6059
1.7388	0.0384	-0.7244
1.7388	0.0384	-0.7244
1.7388	0.0384	-0.7244
0.8903	-0.8409	-1.0842
1.7388	0.0384	-0.7244
-0.5814	-0.5814	2.9515
0.4215	1.0424	-1.5530
-0.5814	-0.5814	2.9515
5.2851	8.5790	-1.7460
0.8903	-0.8409	-1.0842
5.9776	1.2513	-1.5758
-0.5609	2.7689	0.8799
-0.6273	-0.6273	-0.6273
-0.5814	-0.5814	2.9515
-2.0209	2.2362	1.9105
-0.6939	1.7491	-1.5160
-0.6939	1.7491	-1.5160
-0.7708	-0.7708	-0.7708
-0.9872	-0.9872	2.5457
-0.6278	1.8477	1.6673
-0.5145	0.3398	2.1641
-1.8792	-1.8792	3.7511
-0.3852	-0.4177	0.0305
-1.3894	-1.4219	-0.9737
-0.3852	-0.4177	0.0305
-0.3852	-0.4177	0.0305
-1.3845	1.2941	-1.3845
-1.2646	-1.2646	2.2683
-1.7466	-0.8193	3.3697
-0.7801	2.1801	-2.2165
-2.4882	-0.7066	1.3196
-0.4058	-0.4058	-0.4058
-1.9278	-1.0005	2.7343
-0.9052	1.5703	1.3899
-0.4688	1.8833	-0.4688
-1.0263	-0.9909	1.0753
-1.0263	-0.9909	1.0753
-0.9872	-0.9872	2.5457
-1.2430	-1.9128	-0.2787
-0.1542	13.8085	-3.2823
3.8595	8.3293	-1.4214
2.9148	11.9902	-2.6637
-0.9872	-0.9872	2.5457
2.3791	12.9523	-2.3451
-0.9872	-0.9872	2.5457
-0.4058	-0.4058	-0.4058
-0.5814	-0.5814	2.9515
-2.3336	-1.4063	2.3285
-1.4560	0.8961	2.0769
-1.5617	-1.8950	-0.0763
-0.9491	-0.9491	1.4360
-1.8218	-0.8945	2.8403
-0.9203	-0.0660	1.7583
-0.9872	-0.9872	2.5457
-0.5904	-0.5904	3.1238
-1.8563	-1.8871	-1.3676
0.4650	0.0224	-0.8628
-0.6840	-0.8001	-2.0118
-0.5814	-0.5814	2.9515
-1.8225	-1.8225	-1.8225
-0.9872	-0.9872	2.5457
-1.6974	-1.6974	1.8554
-2.3469	-1.4196	2.7495
-2.3469	-1.4196	2.7495
-2.1167	-1.8210	-1.6280
-0.6273	-0.6273	-0.6273
-1.3275	-1.0351	-1.2945
-1.5908	1.8120	1.8335
-0.2370	-0.8968	-1.1367
-0.2370	-0.8968	-1.1367
-1.4925	-1.1831	-1.4759
-0.5609	2.7689	0.8799
-0.5609	2.7689	0.8799
-0.9872	-0.9872	2.5457
-0.3389	0.5154	-1.1932
0.8744	0.3937	-0.4813
2.9766	1.5059	-1.1219
2.9766	1.5059	-1.1219
-0.3393	-0.7819	-1.6671
-2.6964	0.5830	1.9657
-0.5266	-0.5266	-0.5266
-0.5266	-0.5266	-0.5266
-0.5814	-0.5814	2.9515
-0.5266	-0.5266	-0.5266
-0.5266	-0.5266	-0.5266
-1.2843	-1.2843	2.4542
-1.2843	-1.2843	2.4542
-1.9116	-1.9116	1.8269
-0.5217	-0.1952	-0.5217
-0.5217	-0.1952	-0.5217
-2.2924	-0.5796	1.4461
-1.2843	-1.2843	2.4542
-1.2843	-1.2843	2.4542
-1.2843	-1.2843	2.4542
-0.9930	-0.9930	2.7455
-0.9930	-0.9930	2.7455
-0.9930	-0.9930	2.7455
-0.9872	-0.9872	2.5457
-0.9930	-0.9930	2.7455
-0.3609	1.2807	-2.5430
3.7192	10.4615	-3.3690
-1.5109	0.5524	-0.6645
-1.1711	-1.2019	-0.4794
-1.1711	-1.2019	-0.4794
1.0574	7.9349	-2.3467
-1.1711	-1.2019	-0.4794
-1.1711	-1.2019	-0.4794
-1.1711	-1.2019	-0.4794
-1.1711	-1.2019	-0.4794
-1.1711	-1.2019	-0.4794
-1.1711	-1.2019	-0.4794
-2.2276	-1.3003	2.4345
-0.2370	-0.8968	-1.1367
-0.8652	-0.5558	-0.8486
-0.5814	-0.5814	2.9515
-1.2646	-1.2646	2.2683
-1.2646	-1.2646	2.2683
-0.4688	1.8833	-0.4688
-2.0538	-1.7614	-2.0208
-1.8248	-1.5154	-1.8082
5.3503	0.6240	-2.2031
-0.9872	-0.9872	2.5457
-0.5609	2.7689	0.8799
-0.9203	-0.0660	1.7583
-0.9203	-0.0660	1.7583
-1.3588	-1.3588	2.1741
-2.3469	-1.4196	2.7495
-0.8861	-0.0318	1.7925
-0.5609	2.7689	0.8799
-1.4434	-1.1339	-1.4270
-1.3680	0.3448	2.1649
5.9776	1.2513	-1.5758
-1.2646	-1.2646	2.2683
5.9776	1.2513	-1.5758
0.5340	0.9752	-0.8217
-0.9630	-0.0357	0.1662
0.8744	0.3937	-0.4813
-0.3342	1.1425	-0.1697
-0.3342	1.1425	-0.1697
-0.6273	-0.6273	-0.6273
8.6697	2.3827	-1.4706
0.7094	3.8032	1.1379
2.7863	-0.2831	-1.7363
-1.4560	0.8961	2.0769
-0.2712	0.2836	-0.1067
0.3656	3.3959	-0.7077
-1.0400	-1.6998	0.4454
-1.0130	1.4300	1.6978
-1.1889	6.2160	2.8326
-3.5590	-0.4469	1.5374
-2.9317	0.1804	2.1647
-1.2409	4.7504	-3.3164
-2.3663	-1.4698	-0.7484
-1.2404	-0.3131	-0.1112
-2.3663	-1.4698	-0.7484
1.5453	2.5149	-1.4295
-0.2370	-0.8968	-1.1367
-0.5814	-0.5814	2.9515
-0.5609	2.7689	0.8799
-2.5566	3.1983	2.2291
-0.6336	1.8419	1.8671
-1.7215	-1.4291	-1.6885
-0.6336	1.8419	1.8671
-1.5776	-1.5776	5.6695
-1.2646	-1.2646	2.2683
-0.5266	-0.5266	-0.5266
1.3809	-0.6411	-0.2805
0.4688	-1.5532	2.3403
-0.9872	-0.9872	2.5457
-1.7831	-1.7477	2.2789
0.7862	-0.7197	2.6020
0.9119	0.2829	-0.4765
-0.9203	-0.0660	1.7583
-0.5814	-0.5814	2.9515
-2.1984	-2.2309	-1.7827
-0.2370	-0.8968	-1.1367
-0.2370	-0.8968	-1.1367
-0.3464	3.8214	-2.4839
-0.2418	7.4962	-1.9531
1.3458	-0.3546	-1.1174
-0.8141	3.4430	-1.7770
0.4221	-1.0838	2.2379
-2.0878	1.3150	2.6979
-0.9517	2.6876	-3.0274
-1.2404	-0.3131	-0.1112
-1.9502	-1.0229	2.7119
0.5319	0.9436	-1.6502
-0.6036	2.7992	-0.7122
-0.9872	-0.9872	2.5457
-0.4688	1.8833	-0.4688
0.1435	3.4733	-1.9486
-2.8157	0.4637	2.2807
-0.2774	-0.2774	-0.2774
-0.9930	-0.9930	2.7455
-1.2803	1.9615	1.9274
-0.2747	-0.7498	-0.0180
-0.9020	-1.3771	-0.6453
-0.2078	0.1714	-0.8054
-0.7397	-0.7722	0.8448
-1.3670	-1.3995	0.2175
-1.2843	-1.2843	2.4542
-1.2843	-1.2843	2.4542
-1.2843	-1.2843	2.4542
-1.8325	-1.5538	-1.3274
-0.4058	-0.4058	-0.4058
-0.5217	-0.1952	-0.5217
-0.8999	2.7912	-1.9528
-0.9630	-0.0357	0.1662
-1.5903	-0.6630	-0.4611
-0.9872	-0.9872	2.5457
-0.9872	-0.9872	2.5457
-0.9872	-0.9872	2.5457
-2.0538	-1.7614	-2.0208
-2.4588	0.2783	-3.1749
-2.4588	0.2783	-3.1749
1.4168	5.3983	-3.1385
-1.3251	0.2645	-0.8682
-1.2582	1.1857	-1.6556
-1.3251	0.2645	-0.8682
-1.6607	-1.3683	-1.6277
-1.6607	-1.3683	-1.6277
-1.6607	-1.3683	-1.6277
0.8428	0.3733	-0.8723
-0.7295	2.6357	1.2404
-0.1219	3.6108	-1.3909
6.9788	5.6059	-2.9171
0.8921	2.7538	-1.0296
-1.1558	-1.1204	2.9062
0.2480	-1.2796	2.8409
-1.0701	-1.0701	2.4827
-0.2370	-0.8968	-1.1367
-2.2181	1.2763	0.2371
-0.2370	-0.8968	-1.1367
-2.0036	-1.0763	1.3059
-2.7779	-1.8506	3.2456
-1.4995	-1.4995	2.2390
-1.4995	-1.4995	2.2390
0.0852	0.1206	2.1868
-0.5609	2.7689	0.8799
-1.3013	1.4666	-2.5061
-1.6627	-0.5127	-2.0283
-0.5217	-0.1952	-0.5217
-0.2370	-0.8968	-1.1367
0.3903	-0.2695	-0.5094
-2.4190	0.8604	2.2431
3.1414	7.4667	-1.5828
-2.2276	-1.3003	2.4345
-1.9502	-1.0229	2.7119
-3.2812	2.1830	1.3809
-2.8124	0.2997	1.8497
-2.5350	0.5771	2.1271
-2.5775	-1.6502	2.0846
-1.3965	-1.4290	-0.9808
-1.9989	-1.7065	-1.9659
-1.9989	-1.7065	-1.9659
-1.3965	-1.4290	-0.9808
-1.2712	-0.3439	-0.1420
-1.6145	-1.6145	1.9184
-0.9630	-0.0357	0.1662
-1.2712	-0.3439	-0.1420
-2.0591	1.2203	-0.9299
-0.9630	-0.0357	0.1662
-1.4318	1.8476	-0.3026
-1.2712	-0.3439	-0.1420
-0.2220	2.2535	2.0731
-1.7215	-1.4291	-1.6885
0.9679	-0.0206	-0.5442
-1.3965	-1.4290	-0.9808
-2.1462	0.1734	-1.7305
0.8069	-0.7207	-0.1331
-1.3965	-1.4290	-0.9808
-1.3965	-1.4290	-0.9808
-0.4688	1.8833	-0.4688
-0.8652	-0.5558	-0.8486
-0.6765	-0.7090	-0.2608
-1.5711	-1.6036	-1.1554
-0.2774	-0.2774	-0.2774
-0.5155	0.3658	-0.3510
-1.3965	-1.4290	-0.9808
-0.5266	-0.5266	-0.5266
-0.8652	-0.5558	-0.8486
-1.3780	-1.0685	-1.3616
3.1263	1.9474	-1.2144
0.7862	-0.7197	2.6020
0.3174	1.1636	2.1332
0.8531	0.2015	1.8146
1.2699	-0.3439	3.1627
0.8744	0.3937	-0.4813
-0.9630	-0.0357	0.1662
-0.9630	-0.0357	0.1662
-0.9630	-0.0357	0.1662
-0.8246	0.0204	-0.6601
3.1146	3.8471	-1.6096
1.7731	2.2342	-0.0303
4.9692	2.6174	-0.9331
3.1696	1.1136	-2.6208
2.2735	4.7142	-0.4946
0.5457	0.0650	-0.8100
4.0014	3.0389	-1.1193
-2.2645	-1.0107	0.2261
0.4356	0.9824	-1.4380
1.1101	1.9563	-0.6269
1.0107	0.0874	-1.6728
-0.0236	0.5232	-1.8972
-2.0209	2.2362	1.9105
-1.3028	-0.9763	-1.3028
-1.4936	1.0177	-1.4936
-2.3469	-1.4196	2.7495
-1.9411	-1.0138	3.1553
-2.5684	-1.6411	2.5280
1.9863	7.8383	-1.9499
-1.9283	1.4745	5.3472
-3.1447	-0.7926	3.1024
-0.5609	2.7689	0.8799
-2.1980	2.0591	0.8063
-0.5217	-0.1952	-0.5217
-1.2646	-1.2646	2.2683
-0.3082	-0.3082	-0.3082
-1.1977	-0.3434	1.4809
-1.3702	-1.0745	-0.8815
-1.5365	-1.5365	5.7548
-1.3702	-1.0745	-0.8815
-0.2849	-0.2849	-0.2849
-0.2849	-0.2849	-0.2849
-0.2849	-0.2849	-0.2849
-0.2849	-0.2849	-0.2849
-0.2849	-0.2849	-0.2849
-0.8722	-0.8722	2.8663
-0.7241	0.0977	-1.1627
-1.2646	-1.2646	2.2683
-0.2849	-0.2849	-0.2849
-0.2849	-0.2849	-0.2849
-1.9035	0.6431	-0.1246
6.4648	1.1618	-1.4660
0.4650	0.0224	-0.8628
-0.9681	1.7998	-2.1729
-2.3469	-1.4196	2.7495
0.3903	-0.2695	-0.5094
-0.5636	-0.5636	-0.5636
0.1053	-0.5237	-1.2831
-0.3570	-1.0030	-1.7290
-0.3940	-0.3940	-0.3940
-1.9704	-0.2781	0.6628
-1.9704	-0.2781	0.6628
-0.8746	1.4775	-0.8746
-0.5266	-0.5266	-0.5266
-1.2861	-1.2861	2.2468
-1.8040	1.2351	0.8746
-0.9840	-0.6745	-0.9676
-0.3869	-0.3869	3.1659
-1.7003	2.4334	-1.1443
-1.2984	-0.3711	0.1119
-1.2984	-0.3711	0.1119
-1.2984	-0.3711	0.1119
0.4263	3.7561	-1.6658
-0.9143	1.9398	-1.9503
-1.1818	-0.6578	-0.5286
-1.1818	-0.6578	-0.5286
-0.7650	-1.2032	0.8195
-1.1818	-0.6578	-0.5286
-1.1818	-0.6578	-0.5286
-1.1818	-0.6578	-0.5286
-1.1818	-0.6578	-0.5286
-1.8091	-1.2851	-1.1559
-1.1818	-0.6578	-0.5286
-1.1818	-0.6578	-0.5286
-1.1818	-0.6578	-0.5286
-0.9872	-0.9872	2.5457
-0.9203	-0.0660	1.7583
-0.9872	-0.9872	2.5457
-0.5814	-0.5814	2.9515
-0.9217	-0.9387	-0.9053
-2.3469	-1.4196	2.7495
0.4461	-0.1829	2.6105
-1.3004	1.4675	-2.5052
-0.2370	-0.8968	-1.1367
-0.5814	-0.5814	2.9515
-2.0833	0.2688	1.4496
-1.6570	4.0249	-0.2162
-0.9872	-0.9872	2.5457
-0.9872	-0.9872	2.5457
-1.1490	-0.8225	-1.1490
-0.5814	-0.5814	2.9515
-1.6814	5.3310	0.6137
-0.8838	1.4275	1.7948
-0.4316	2.0114	-1.2537
-1.4560	0.8961	2.0769
-2.0833	0.2688	1.4496
-1.4560	0.8961	2.0769
-0.2849	-0.2849	-0.2849
-0.7816	0.0419	-1.1472
-0.2849	-0.2849	-0.2849
-0.2849	-0.2849	-0.2849
-0.2849	-0.2849	-0.2849
-0.2849	-0.2849	-0.2849
-0.2849	-0.2849	-0.2849
-0.2849	-0.2849	-0.2849
-0.5643	-0.5643	-0.5643
-0.2849	-0.2849	-0.2849
0.1801	-0.2625	-1.1477
-0.2849	-0.2849	-0.2849
-0.2849	-0.2849	-0.2849
0.1801	-0.2625	-1.1477
-0.8652	-0.5558	-0.8486
-0.2849	-0.2849	-0.2849
-0.6036	2.7992	-0.7122
1.9124	5.1665	-2.5417
-0.5814	-0.5814	2.9515
-0.9872	-0.9872	2.5457
-1.6598	-1.3674	-1.6268
-0.5814	-0.5814	2.9515
-1.5711	-1.6036	-1.1554
-1.2646	-1.2646	2.2683
-2.1984	-2.2309	-1.7827
-1.5239	2.7332	1.0461
-0.7754	-0.2907	-0.9740
-0.0096	2.8445	-1.0456
-2.4298	-1.5025	2.6865
-2.0033	1.7427	-0.4788
-2.5250	1.5475	-1.0005
-2.0033	1.7427	-0.4788
-1.1520	1.2001	-1.1520
-0.9630	-0.0357	0.1662
0.7862	-0.7197	2.6020
-1.3831	-1.3831	5.8839
-2.2173	-0.9635	-1.0881
-0.5814	-0.5814	2.9515
2.0103	2.5373	-2.2923
-1.3464	-0.4191	-0.2172
-0.9872	-0.9872	2.5457
1.1871	1.5719	-1.3823
-0.4058	-0.4058	-0.4058
2.1671	5.0700	-0.4504
0.0271	14.8684	-3.3340
-1.7334	0.6187	1.7995
0.5020	-0.1270	-0.8864
-0.7397	-0.7722	0.8448
3.8838	3.8835	-2.1682
-0.0197	-0.3222	-1.4081
2.6497	1.1790	-1.4488
-2.3312	-2.0388	-2.2982
-2.3312	-2.0388	-2.2982
-2.3312	-2.0388	-2.2982
-2.6264	1.1196	2.4310
-1.5898	-1.2633	-1.5898
-2.2877	-1.3604	6.2256
2.2976	-0.7718	-2.2250
-1.3597	-0.4324	0.2038
2.6617	-0.4077	-1.8609
-2.3405	0.7716	2.3415
-1.1958	-0.8693	-1.1958
-1.1958	-0.8693	-1.1958
-2.4819	1.7752	0.0881
-2.9082	-1.9809	1.7539
-1.1958	-0.8693	-1.1958
-1.1958	-0.8693	-1.1958
-2.9082	-1.9809	1.7539
-1.4406	-1.7601	-2.8126
-1.5898	-1.2633	-1.5898
-0.4688	1.8833	-0.4688
-3.1720	2.9261	0.7376
-1.6629	-0.7356	1.8514
-1.9411	-1.0138	3.1553
-1.2646	-1.2646	2.2683
-1.9708	-0.8676	-2.4057
-1.2579	-1.2904	2.6907
2.9766	1.5059	-1.1219
